82
0.0014115671441437586
0.0015513048024082697
0.0017047262196880984
0.001873098996554215
0.0020578519056225447
0.0022605106651698323
0.002482735143618502
0.0027263012440272255
0.00299315559258395
0.0032853481027950784
0.003605084792162984
0.003954737257806061
0.004336757352611259
0.004753745781389418
0.005208406677184402
0.005703457909785383
0.006241686799235765
0.006825783834902541
0.007458320441959499
0.008141570821857154
0.008877451170700964
0.009667222991022503
0.010511318894796612
0.011408954749025106
0.012357944395980643
0.01335400194620717
0.014394306426972583
0.015547067303430627
0.016846167832668554
0.01829460887905254
0.019886971978737795
0.02160403922011495
0.023405781869345374
0.025222844426589636
0.026948064158828416
0.028430700481372483
0.029479410345806707
0.029885018237316766
0.029974451391721304
0.03005123731138704
0.03011449787125846
0.030163365506941226
0.03019698860853141
0.03021453720567426
0.03013629241015389
0.02944913572662295
0.02819645298068155
0.026564940615452046
0.0247322395603295
0.022843380003473638
0.02100232109755369
0.019274934925548985
0.01769687063300631
0.0162823316368621
0.015031878445997623
0.013936347025079707
0.012918220637585442
0.011943745948263227
0.011018143402140822
0.010144592084720615
0.009324625533400886
0.008558489788677544
0.007845442445733247
0.007183973787100502
0.006572074881979122
0.0060073896942681795
0.005487345460175476
0.005009246680702027
0.004570362481169585
0.004167995456103597
0.0037995205553555383
0.0034623886015903095
0.003154202995468482
0.002872667917914312
0.00261564547583657
0.0023811216722583696
0.002167225839092077
0.001972223250106339
0.001794511845943855
0.001632609417189191
0.001485142564590176
0.001350861832883261
